100 100
5 4 X 2 1 5 3 X 2 2 1 X 1 X X 3 1 1 1 3 4 4 X X 4 4 1 5 X X 4 4 3 2 1 4 2 5 4 5 X 2 X 5 4 3 X 1 4 X 5 3 X 4 2 5 X 5 X 5 4 1 1 4 X X 4 4 3 4 3 2 X X 5 5 3 X X 4 4 4 4 X X X X 1 X 2 2 1 X 2 1 4 4 5 2 X
X X 1 1 1 X 4 3 2 2 3 1 5 X 2 X X X X 1 5 5 1 1 1 X 4 X 1 2 4 3 4 1 X 5 X 1 3 3 4 3 3 4 1 4 4 2 3 4 5 3 5 2 2 4 4 4 X 4 2 X X 2 X X X 3 4 5 X 4 4 5 3 5 X 2 3 1 X 1 5 4 X 2 3 2 5 2 1 2 X 1 2 4 3 4 X X
3 4 2 X 3 2 2 1 4 X 4 2 4 5 1 1 3 1 4 4 X 2 5 1 2 X 3 4 1 X 3 3 X 5 4 1 1 3 1 2 2 5 4 X 4 X X 3 4 5 5 5 2 X 4 X X 1 X 4 5 1 3 1 4 X X 5 3 3 2 4 1 2 5 5 X 1 5 3 1 3 4 2 5 3 4 1 4 1 1 1 5 3 2 5 3 2 3 X
4 1 4 1 X 5 4 3 5 3 X 4 1 3 1 2 5 X 3 X 3 3 3 2 1 X 3 1 3 4 4 X X X 1 X 5 3 X 1 5 5 3 1 5 1 5 2 5 3 X 2 2 1 4 3 1 4 4 2 1 2 5 X X X X 5 3 3 3 X X 4 4 2 4 2 1 5 1 4 X 4 3 3 X 1 2 2 4 1 5 X 2 1 X 4 4 X
5 4 1 3 5 1 3 2 4 X 1 4 5 2 4 4 X X 3 X 4 5 X 4 2 3 X 3 3 X 5 X 4 X 5 2 4 2 5 X X 1 4 5 X 5 X X 1 1 5 X 4 3 5 1 1 5 X 3 5 5 X X 2 1 3 1 3 X 1 1 X X 2 X 4 5 2 1 4 4 X X 2 X 3 X 1 X X X X 1 3 X 4 X 5 5
3 2 3 X 3 X 1 1 4 5 1 1 1 3 X 1 X X X 5 X 2 2 4 5 3 4 4 X X 5 3 4 5 5 4 X 4 2 X 3 2 4 2 5 3 1 1 5 3 5 2 5 4 X 3 2 X 2 X 1 X 1 2 2 1 X X 1 3 5 1 5 1 5 3 1 3 4 X X 4 4 2 X 4 2 5 2 1 X 2 2 X X 2 X 1 X 2
4 4 X X 4 X X X X 1 4 1 X X 2 X X 5 3 5 5 X 5 X 1 4 4 2 X 4 X 5 3 3 X 1 X 2 4 X X 2 X 5 X 2 2 2 4 X 1 5 X 4 X 2 X 1 2 1 1 2 2 X 5 3 X 3 1 2 3 4 1 X 5 5 1 4 3 5 5 X 2 3 2 1 5 5 4 1 5 4 1 4 3 3 2 X X 1
5 3 X 3 3 4 4 3 2 2 5 X 3 X X X 2 3 5 X X 3 X 3 2 4 1 5 2 3 3 1 X 1 1 4 1 X 4 X 1 X 2 2 2 4 X X 2 X 3 3 4 X 4 3 3 X X 1 X 1 1 2 2 3 1 5 4 5 2 4 4 X 5 X 4 1 4 X 3 3 2 2 1 4 X 5 5 3 3 X X 3 1 X 5 2 5 4
2 4 1 3 2 X X X 1 2 4 3 1 4 5 2 X X 1 1 X X 4 X X 5 3 X 5 1 4 5 X X X 5 3 X X 2 5 2 1 5 X 1 4 3 X 4 5 5 3 2 5 X 2 X 3 4 5 5 X 3 5 2 3 4 2 5 4 4 X 5 1 5 X X 4 X 4 X 3 2 1 4 1 5 4 5 4 3 3 2 5 4 X 2 2 X
2 X 5 1 3 3 5 4 3 5 2 4 X 1 X 4 3 2 1 4 4 3 1 4 3 X X 1 1 5 X X X 2 5 X 2 3 X 2 X 1 4 4 2 3 3 2 5 5 5 X X 1 2 X X 1 4 1 5 4 1 X X 4 3 X 1 2 1 3 X X 2 X 4 2 2 5 X 5 5 3 X X 1 X 2 4 1 X 4 4 1 1 5 X 5 2
1 4 X 5 4 2 X X 5 5 1 4 X X 1 1 X 5 3 4 4 2 X 3 X 5 4 X X 4 3 2 3 2 5 5 X 5 5 2 2 4 2 3 2 3 5 2 3 X 5 3 1 4 5 X 5 2 2 4 2 4 1 X 5 X 1 4 X X 2 X X 5 1 3 1 1 5 3 X 4 X 5 2 3 4 3 3 3 1 3 X X 3 3 1 X 1 5
X 2 4 X 2 5 X X 3 X 5 4 1 4 2 X 1 1 X 2 3 1 5 1 3 X X 2 3 4 1 1 1 X 3 4 5 5 X 2 4 2 X 4 X X 3 2 2 1 5 5 1 1 2 3 X 5 3 5 2 2 2 2 5 5 2 1 3 5 5 1 1 X 2 4 X 1 4 2 3 X 2 4 X X 4 1 4 2 5 1 X 4 X 5 5 4 X 5
2 X 4 1 2 2 2 3 X 5 5 4 4 3 3 5 X 3 X X 1 2 1 4 3 X 3 4 5 5 3 1 2 X 4 3 5 X 2 3 1 X 4 1 X 4 2 X 5 3 3 2 3 X 5 X 5 5 1 1 X 1 X 4 4 4 4 X X 4 5 X 2 X 5 2 1 4 3 4 X 5 X 1 X 1 X 2 X 1 3 5 4 2 3 1 2 X X 1
X 1 2 X X X 4 2 1 3 3 5 2 2 5 4 5 2 X 3 X 5 3 3 2 X 3 X 2 3 X 5 4 5 1 1 5 1 X X 5 4 X 2 X X 3 5 X 4 3 4 X 2 4 4 5 X X 4 4 4 5 X 3 4 X X 3 1 X 4 1 4 X 2 X X 5 3 5 3 5 X 1 1 X 1 3 5 5 1 3 2 2 X X 2 3 3
1 1 4 4 2 5 4 2 X 5 2 3 1 X X X X 4 X 5 3 X X X 4 1 3 4 X X 1 4 2 4 3 2 4 X 1 X X 5 X 5 3 X X 2 3 5 5 5 5 3 3 2 5 X X 1 4 1 4 2 X X 4 X 2 3 1 4 4 X X 1 3 3 5 X 4 2 1 3 3 1 1 3 2 5 2 3 5 5 3 4 X X 4 5
4 5 4 2 1 2 1 X X 2 X 5 4 5 2 5 X 2 3 3 3 X 2 3 3 2 5 5 3 X 5 4 3 3 2 2 2 X 4 5 5 X 4 3 4 3 2 5 4 5 2 5 X X 3 3 5 1 X 2 5 4 1 X X X X X 2 4 3 X 3 1 4 2 5 1 1 1 4 X 4 X 2 3 X 2 X 2 4 4 3 X 5 X 1 1 4 3
5 X 3 5 4 1 5 1 4 2 4 2 2 3 3 X 1 1 1 X 2 5 X 5 2 2 1 X 4 3 4 3 2 4 X 5 3 X 5 X 3 4 1 1 4 4 X 4 1 1 2 1 4 4 X 1 X 3 4 1 3 5 4 X 2 1 5 3 X X 1 X 1 1 1 X 5 2 X X 1 4 1 2 4 X 4 X 4 1 5 3 3 3 3 2 3 5 3 X
4 4 X 2 1 X 3 2 2 X 5 X 2 1 3 5 4 X X X X X 3 3 1 5 4 X X 1 3 1 3 4 4 3 1 1 1 X 5 X 4 X 4 3 4 X 3 1 X X 3 X 1 1 3 X 4 3 2 3 1 X 4 1 X 5 X 4 5 X 4 2 5 X 2 5 X 3 X X 4 3 X 4 X 2 X 3 4 1 1 1 X X X 1 X 5
3 2 2 5 2 2 1 X 1 3 X 1 2 4 X 2 4 X 2 4 4 X 2 1 X 4 X 2 X 3 1 X X 3 5 X 5 3 2 2 1 4 1 1 2 3 4 5 1 X 4 X 3 3 X 1 5 1 3 2 1 2 1 4 2 5 4 3 X 4 3 4 4 4 X 4 4 X 4 3 X 2 3 4 4 2 3 3 2 1 4 4 4 2 1 4 X 5 X 5
3 3 X 1 X X X 4 2 3 2 X 4 X 3 X 3 X 5 3 4 1 3 5 2 4 3 2 5 3 5 4 5 1 4 X 1 5 3 1 2 5 X 2 2 3 X 5 5 2 3 2 4 2 2 5 4 X 5 3 4 2 X 3 5 3 3 3 5 1 4 2 5 4 3 4 3 X 3 X 2 X 1 5 X 5 3 4 4 X X X 1 3 2 5 5 4 1 5
X 3 1 5 3 3 X 4 2 4 5 4 X X 4 2 3 1 X 1 3 5 2 2 4 X 2 5 1 3 5 3 1 4 3 2 2 1 X 5 3 4 4 3 1 4 5 1 3 1 X 2 4 X X 2 5 1 2 X X 1 3 X 3 5 X 1 X 4 4 5 4 3 1 2 X X 5 X X 2 X 3 X 5 X 2 4 2 3 1 5 1 5 3 4 2 X 5
2 4 3 3 2 1 5 X 5 1 4 2 X X X 2 1 X 2 3 X 4 3 X 4 3 5 X 5 1 2 5 2 X X 3 2 5 2 4 5 3 1 1 5 1 4 5 3 2 1 5 5 3 1 1 2 2 4 3 1 4 5 1 4 X X 2 X 1 4 X 1 3 X X X X X 1 4 X 5 5 4 3 4 2 2 4 X X 1 2 X 5 5 2 1 X
4 X 2 5 X X 1 2 X 3 2 4 X 4 3 X X 2 2 X 3 1 2 3 3 2 2 1 1 X 5 X 1 2 5 3 X 4 4 2 X 5 4 5 X 3 5 3 X X 2 1 5 X 4 4 1 2 1 X X 5 3 X X X 4 4 5 3 3 3 1 4 4 5 1 3 X 5 4 5 4 3 5 X 3 4 3 X X 1 X 5 3 1 4 2 X 4
3 3 3 5 3 4 3 X 3 X 5 X 1 X 4 X 5 X 4 3 X X 3 2 4 3 X 1 2 5 X 1 X 2 4 X 3 X 2 3 X 1 4 X 5 5 X 4 X 5 4 X 5 5 5 5 1 X X 2 5 4 2 X X X 2 5 3 5 1 X X X 3 X 2 X 2 1 5 3 5 4 2 X X X X 1 4 1 X X X 4 5 X X X
X 2 5 X 4 1 X X 4 4 1 4 2 3 X 5 1 X X 3 5 3 2 5 5 2 X 2 4 2 2 2 X 1 X 5 2 4 4 X 2 3 5 3 4 X 5 5 5 5 2 X X 2 X X 1 3 5 4 2 1 1 5 5 3 1 3 4 X 2 X 4 2 3 4 1 4 4 3 1 3 2 3 3 1 X 2 1 4 1 2 X 5 3 4 3 3 5 2
X 4 4 2 X 4 4 5 1 5 3 5 4 4 3 X 5 3 2 3 1 4 1 4 X 3 X 2 2 5 2 X X X 1 3 2 4 3 X 4 5 3 4 1 4 5 5 X 1 X 2 X 3 X 3 X 5 X X 4 4 1 5 2 4 5 X 1 2 1 3 2 2 3 2 3 X 1 X 1 X 4 X X 2 X 4 2 3 X 4 1 1 4 1 2 2 2 2
4 4 1 1 2 X 3 X 3 5 2 X 5 1 1 X 5 3 2 1 X X 4 X 3 2 4 X 5 5 X 5 X 4 2 5 5 X X 2 2 3 2 X 4 2 5 X X 3 4 3 4 X 1 5 1 3 2 3 X 3 5 5 X 1 X X X 3 1 1 2 2 4 X 3 X X X X 3 2 X 2 2 X X 1 X X 2 4 X 3 4 1 X 4 1
1 4 3 2 2 5 X 3 X 5 1 5 1 1 5 X 1 2 3 3 X 5 2 X 5 X 2 X 1 5 3 4 1 4 X 2 X 2 4 2 X 3 2 4 4 4 X X X 1 X 5 3 3 4 3 4 X 3 3 4 2 4 3 X 2 X X 4 5 5 3 4 2 1 5 3 X 2 1 3 2 2 X 1 2 1 4 2 5 4 1 2 X 2 4 2 1 5 1
X 5 4 X 4 3 X 2 4 5 2 1 X 1 X 4 1 X 1 X 4 2 3 4 1 X 5 2 4 4 2 4 X X 2 2 3 X X 4 X 4 3 1 2 3 X 5 X X X X X 4 X 4 3 1 2 5 3 2 2 5 4 4 2 3 X X 3 2 4 5 2 X 3 4 X 5 X 2 5 2 2 5 5 4 2 X X 2 X 1 X 3 3 2 5 X
5 X 4 3 2 2 X 4 3 2 3 3 X 1 3 X 4 2 1 5 4 1 5 X 1 4 1 5 4 X 1 4 5 2 2 X X 3 5 4 3 3 5 1 4 5 3 X 1 5 2 4 X 5 X 4 5 2 X X X X 4 4 X X 2 2 4 2 3 5 3 3 1 4 1 2 3 2 1 5 2 2 X 4 5 X 2 3 X 2 4 5 5 4 X 4 4 X
1 X 4 X 5 X 3 4 2 4 4 2 2 X 1 1 X 5 2 2 5 X X 4 5 2 X 4 3 1 X 5 5 X X 3 X 4 3 X 4 1 1 1 X X 5 4 5 X 5 X 3 4 X X X 5 3 4 3 X X X 2 2 5 X 2 3 2 X 1 4 5 3 X 5 2 1 X 3 4 3 X 1 2 1 4 1 X X 3 1 X 2 3 1 4 5
5 1 3 4 3 X 3 3 4 2 1 X X 1 4 4 3 3 X X 5 3 5 4 3 5 X 2 4 X 3 2 3 X X X X X 3 5 2 5 5 X 3 5 3 1 3 4 5 2 X 4 1 X 2 2 5 X 5 4 2 3 X 1 3 X 2 X 3 5 X 3 5 5 1 1 2 4 X 1 2 4 1 3 3 X X 5 2 5 2 5 4 4 X 2 2 X
X 2 X X X 1 4 2 4 4 X X 3 X 3 X X 5 5 5 X X 4 3 5 3 2 X X 5 5 2 X 5 2 2 1 X 4 1 5 2 1 2 2 3 2 2 X 4 2 4 X 1 4 4 3 1 X X 2 X 3 X 3 X 5 2 5 X 4 1 X 4 X X 2 X 2 2 3 1 4 3 X 5 4 1 1 X 5 3 4 X 3 4 X 3 1 1
X 5 3 X X 4 5 5 3 1 X 1 1 X X 1 X X 5 X X 3 1 X 2 1 4 4 X 5 3 X 2 X 5 5 5 1 4 X 4 5 2 3 1 3 4 4 X 5 4 2 4 X X 1 3 4 5 1 X 2 5 5 X 2 1 X 5 X 4 X 5 X 3 1 1 X X 5 4 X X X X 2 5 X X 5 1 2 2 3 3 1 X 4 4 X
1 1 X X 3 5 2 2 X X 1 1 5 2 2 2 5 X 1 X 3 2 2 2 2 4 3 2 4 X 5 5 2 2 3 4 2 1 2 2 4 X 4 5 3 X 4 X 2 1 5 X 5 3 2 X 1 1 3 X X 4 1 5 3 2 3 3 X 1 1 X 1 2 2 X 2 4 4 3 2 2 3 5 4 1 1 4 5 2 5 2 1 X 4 5 4 1 5 5
X 2 3 X X 5 5 X X X 4 1 3 1 X X X 3 3 X 3 5 1 X X 3 2 1 X 2 X 2 X 5 1 X 3 5 3 1 3 1 2 4 4 3 X X 4 X 3 2 2 X 4 4 X 3 5 X 1 X 2 4 3 5 5 4 2 X 4 1 3 3 5 2 4 4 2 5 5 X X 5 X 2 4 3 1 2 3 5 4 3 4 2 4 3 1 5
X 3 3 X 1 X 2 X 3 1 2 2 X X 1 X 2 2 1 1 4 X X 5 1 2 X 4 X 4 X 4 2 1 1 5 3 4 X 4 X 5 5 X X 4 1 3 1 X X X 2 4 1 5 2 3 3 4 3 3 X 3 4 5 3 2 X 1 4 1 1 X 3 2 5 1 3 X 2 2 X X X 1 X 2 5 4 2 3 X 4 4 1 2 X 3 X
5 2 2 4 X X 1 5 5 4 4 5 X X 3 2 X 3 2 5 4 2 X 3 2 X 2 4 2 3 1 2 2 X 1 X 3 5 X 4 X 4 4 X 2 X X X 1 2 1 3 1 1 5 5 X X 2 3 1 5 X 1 X 4 X 3 X 1 X X X 5 X 1 5 3 4 5 2 5 3 5 X 1 5 4 X 5 X 1 4 2 1 X X X 2 2
4 1 X 3 X 2 5 4 1 X 5 3 3 3 3 2 3 3 X 1 X 4 2 1 3 5 4 2 3 3 2 4 X 5 5 4 1 4 4 1 4 2 X X 3 5 3 4 X 1 X 5 4 5 2 X 1 5 2 X 5 2 2 5 5 X 5 3 3 X 5 X 5 4 3 4 3 5 2 2 X 4 1 5 X X 1 4 3 5 4 X 3 X 4 3 4 X 5 X
X 3 5 4 X 3 5 3 2 3 X 1 5 3 3 4 X X 5 3 X 3 1 1 X 1 4 4 1 5 5 5 X 4 X 2 1 X 1 1 3 X X 3 2 3 4 3 4 2 3 1 2 5 X 2 3 X 5 4 X 5 2 4 5 1 4 2 1 5 5 1 4 X 2 X X 1 3 5 X 1 5 2 2 5 5 4 5 X 3 4 2 4 4 3 4 3 X 2
4 2 3 3 3 X X 1 2 X X 1 1 X 3 1 3 X 2 3 1 3 5 3 X X 2 2 3 X 5 1 1 X 5 1 X 4 X 2 2 2 X 3 2 5 5 4 3 4 3 2 1 1 2 4 5 4 3 3 2 5 X 5 5 3 3 1 2 4 1 4 X 3 2 2 2 1 1 X 2 4 X X X 3 X 2 3 2 X 3 3 5 3 2 1 X 3 4
5 1 4 2 4 4 X 1 2 3 X X 4 X 2 1 1 X X 4 X 5 X X 1 1 3 3 3 2 1 1 X 2 2 4 1 X 4 5 1 X 5 X X 2 X 1 4 3 5 5 5 4 2 4 3 X 2 1 2 2 3 2 5 X 3 X X X 2 4 3 5 2 3 X X X 3 5 X 5 5 3 5 X X 4 1 5 3 4 X 4 X 4 4 X 1
2 3 3 5 4 2 2 2 2 4 5 X 2 2 4 X 1 X X 2 X 3 X X 4 1 2 4 1 X X 5 5 X 3 5 2 2 5 1 X 4 2 4 2 1 4 5 3 X X X X 4 4 5 3 1 2 4 4 5 5 5 X 2 3 X X 3 5 4 5 2 4 5 5 3 3 5 5 X 1 4 2 X 3 X 4 1 4 2 X 2 4 1 3 2 2 2
4 2 5 2 2 X 4 5 2 X 3 1 2 X X 4 4 2 5 3 5 2 3 X X 3 5 X 3 4 X 4 2 2 3 4 X X 2 4 4 4 3 5 X X X 4 3 5 1 5 5 4 1 3 5 X X X 4 X X 1 X X X 2 2 1 X 3 2 3 X 1 4 2 1 X X 2 5 5 2 X 1 4 3 4 4 X 4 4 1 3 5 4 4 1
1 X X 4 X 2 X 5 1 4 5 2 X 1 5 X 1 5 X 2 3 X 1 5 5 4 5 3 2 1 X 3 4 2 X 1 1 1 4 X X 2 4 4 2 4 X 3 5 1 5 2 X 1 2 X 1 5 5 1 X X 1 X X 1 X 1 X 1 X 5 4 X 5 1 X X 3 2 X 1 1 5 1 4 2 5 2 2 5 4 X 5 2 1 X 2 5 X
2 5 4 X 2 2 5 1 2 X 4 3 3 4 1 X 2 X X 3 X X 3 3 3 2 2 X 5 3 4 4 4 1 2 3 5 4 3 5 4 2 3 4 3 X 2 4 X 5 5 3 1 1 5 4 2 X 1 1 2 5 1 2 2 5 4 3 4 4 1 3 3 4 X 3 4 3 3 X X 5 X 2 X X 4 X 5 5 2 5 4 1 X 4 4 X X 4
2 1 3 4 2 1 2 3 5 5 X X 1 1 3 5 X 4 1 5 4 X 3 4 5 4 4 3 2 4 1 3 4 1 X 5 X 4 4 5 3 1 X 3 4 X 2 3 5 3 1 4 5 X 3 3 1 4 1 X 5 4 X X 1 3 X 5 X 3 X X 1 X 4 X 4 5 X X X 3 3 1 4 X X X X 2 2 2 5 5 X 4 X 1 2 X
X 2 4 2 X 2 3 4 2 X 5 3 1 2 5 5 2 X 3 2 X 5 4 2 X 5 5 1 2 5 4 X 4 3 2 2 X 1 X X X 1 2 5 2 5 2 4 2 5 1 1 5 X 4 4 2 X 4 4 5 1 X 5 2 X 2 3 2 4 2 X 5 3 X 3 1 5 4 1 4 3 X X 5 2 4 2 1 1 X 1 3 1 X X X 3 4 3
2 2 3 X 3 X 2 X X 4 X 4 1 3 4 X 2 2 3 3 X 4 4 3 5 3 3 4 X X 3 1 2 1 1 5 2 4 4 4 3 3 4 1 3 X X X X 3 1 X X 4 X 5 4 4 2 2 4 2 X 5 5 5 2 2 1 4 4 X 1 3 4 1 5 4 3 5 4 1 5 3 4 1 4 3 X X X 3 X X 2 2 1 3 5 2
2 5 2 5 1 X 1 4 1 4 X X 2 2 X 3 1 4 X 4 4 1 3 5 3 5 4 1 1 3 4 1 2 1 X X 1 3 X 3 X X 1 X 1 2 3 2 4 1 3 5 3 X 2 2 X 1 3 X 5 5 2 4 3 X 5 4 3 3 2 1 3 1 X X 5 5 5 X 1 5 4 X 4 2 X 1 3 2 2 1 1 4 4 X 2 1 1 4
4 3 2 3 5 1 X 5 X 4 5 X 4 3 4 2 2 5 3 X X 1 5 4 5 4 X 5 4 X 1 1 X 3 5 4 2 3 5 5 1 2 2 4 2 5 1 2 1 2 3 5 2 X 5 2 X 5 2 3 X 5 1 3 2 4 4 4 X X 5 4 4 3 2 4 2 5 X 4 1 3 3 4 X 3 X 4 1 2 5 4 3 2 5 X X 2 4 2
X X 3 5 X X 3 2 3 X 3 1 4 3 4 X 3 3 X X 1 1 X 1 2 2 X X 2 3 5 X 2 5 5 4 2 2 4 3 X 1 4 5 3 1 5 X 2 4 X X 1 5 1 3 2 2 5 1 4 4 2 4 1 5 3 1 X 3 4 1 4 5 4 1 X X 3 2 2 1 1 5 X 1 2 5 X 3 X 3 5 3 5 3 X 4 X 2
1 X X X 2 X 1 5 2 1 1 4 2 5 X 1 X X 5 3 1 3 X 2 X X 3 5 3 2 2 5 1 4 1 X X X X 3 1 X X X X 2 5 4 3 3 2 5 4 1 2 5 5 4 4 5 X 3 3 5 X 3 3 1 3 X 3 1 4 5 4 X 3 3 2 1 3 1 2 1 3 2 X 1 2 4 5 4 3 5 X X 4 1 3 3
X 4 X X 5 4 X 1 5 1 5 2 2 1 2 2 4 4 1 X X 2 2 2 4 X X 4 2 4 X 5 5 X 3 5 X 5 4 X 1 X 5 X 4 4 5 X 4 2 5 5 1 3 X X 3 2 X 5 5 1 5 3 5 X 3 X 4 4 5 2 4 X 1 X X X 2 3 2 3 5 1 X X 2 3 3 3 X 5 3 4 X X X 4 1 1
3 X 4 2 4 5 2 3 X 4 X 2 3 4 5 5 X 5 5 4 5 X 4 1 X 3 3 1 X 2 2 5 2 3 X 1 X 4 5 3 4 X 2 1 3 2 4 1 1 1 1 1 2 1 X X 5 2 2 2 5 2 4 2 2 X 5 1 2 4 4 5 2 3 3 3 5 5 5 X 4 X X 2 1 3 3 1 X 2 3 2 1 X 2 X 2 2 2 1
2 5 2 3 4 4 1 5 5 X 2 3 1 1 2 2 3 5 5 1 1 X 2 3 X 5 4 1 X X 4 4 1 X 1 3 5 4 2 X X X 1 X 4 2 X X X 5 X X 2 X 3 5 4 3 3 X 3 4 2 2 5 4 3 2 X X 5 4 X 2 X 4 1 3 X 4 X 3 5 3 1 X 5 4 2 2 2 4 4 4 X 3 X 4 3 4
1 1 1 X X 2 1 2 1 1 1 2 5 2 1 5 X 2 3 4 X 2 4 1 4 5 3 3 X 1 2 5 3 1 X X X 5 4 1 2 5 X X X 2 X 1 4 1 X 5 1 4 2 3 5 3 1 X 1 1 1 5 5 5 5 3 X 5 1 5 X X 1 2 4 1 3 X 4 X X 5 4 4 3 4 X 2 X 2 X 5 2 3 3 1 X 4
X X 4 4 1 3 5 3 1 1 2 X 3 4 1 2 3 X 4 1 5 X 1 X 3 4 2 1 5 1 5 X 2 1 3 3 4 X 4 X 4 2 3 X 2 3 2 5 X 1 1 X 1 3 X 3 1 4 2 5 5 1 2 5 3 2 X X X 4 1 1 2 1 5 X 5 5 3 1 3 X 1 2 2 1 2 5 X 5 1 4 2 4 X 3 3 5 5 1
4 X 2 1 X 3 X X 1 1 X 2 X X X 4 3 X 5 5 2 X X X X X X 1 2 X 3 4 X 3 3 X X X X 5 X 4 1 1 2 2 X 1 5 1 3 2 X 4 4 5 3 1 2 1 3 2 3 3 2 2 2 3 1 3 X 5 X 2 X 2 3 2 3 2 X X X 4 X 1 2 3 4 1 X 2 X X 5 5 1 4 X 2
X 5 2 2 X X X 3 1 3 X 2 1 X 1 X 1 1 5 X 3 4 1 4 X 4 X 1 4 1 4 3 2 X 3 X 1 3 3 X 4 4 5 X 5 X X 3 3 4 X 3 1 4 3 2 5 X 5 3 3 5 X 2 5 4 X 5 4 X X 2 X 4 2 5 5 X 2 2 4 5 X 2 1 4 4 X 1 X X 3 2 X 4 2 2 2 3 X
1 2 4 X 2 5 X 2 1 5 X X X 2 X 2 1 X 5 1 X 4 X 4 X X 2 2 5 5 5 5 3 2 2 1 1 X 5 2 X 4 4 4 X X X 5 X 3 3 X 1 3 X 3 1 1 2 5 3 X 5 1 2 X X 3 X X 3 3 5 3 X 3 X X 1 5 X 1 X 4 3 5 4 X 4 5 X X 4 2 1 X 1 X 3 5
5 4 5 4 4 2 X 1 X 4 1 1 3 2 X 4 X 3 4 5 1 2 4 X X 3 2 4 5 5 3 2 3 1 3 4 5 X 5 1 3 1 4 1 X 3 2 3 X 4 4 X 4 X 1 X X 2 3 1 5 3 3 2 4 1 5 2 X 2 2 1 4 X 2 5 2 2 X 5 5 5 1 2 5 2 5 1 X X 5 X X X 3 4 4 3 2 4
3 X 1 4 X 5 2 3 4 X 4 3 3 4 X 1 3 X 4 3 3 2 4 1 5 1 3 1 3 2 X 4 2 X 3 X 4 2 4 5 1 3 5 2 X 1 1 1 5 X 5 1 2 3 4 4 2 3 4 5 X 1 3 5 3 1 3 3 1 2 4 1 5 3 X 4 1 1 X 2 4 3 1 5 2 3 2 2 1 4 5 2 4 1 5 5 3 2 4 X
1 3 4 1 5 1 4 5 1 3 4 5 4 2 4 4 1 4 4 X X X 3 1 X 4 X 5 3 5 3 1 5 3 4 X 1 X X 3 1 X X X 5 X 4 2 3 X X 3 X 2 X 2 5 4 1 3 X X 5 3 X 4 X 4 5 5 2 X 1 5 2 5 1 X X X 1 1 3 X X X 1 5 X 3 5 2 4 5 2 3 5 X 5 5
X 5 1 5 1 3 5 2 3 4 5 X 4 4 5 4 3 1 X 3 3 3 X 2 3 X X X 5 X 5 4 4 1 2 5 4 3 3 4 X 1 1 5 X 2 1 3 X 2 4 1 3 5 X 1 5 5 1 5 5 X 2 4 4 X X 3 4 3 2 X 3 5 4 X 5 1 X 2 1 X 2 X 5 5 4 1 3 4 3 2 5 3 X X 3 2 X X
1 X 2 X X X 3 5 3 2 4 4 4 4 3 1 2 3 2 1 1 1 X 2 3 1 5 5 X 5 X 1 1 2 5 X 5 3 3 X X 2 4 X 4 1 4 1 2 3 5 1 3 X 1 X 4 X X 4 4 X 4 2 X 1 X 3 3 5 1 1 1 1 1 X 2 2 3 4 4 3 5 3 X 1 4 X 4 X 2 3 X 2 X 3 4 X 2 3
3 X 2 3 X 1 1 X 5 4 5 4 1 4 3 2 X 3 3 3 3 5 X 2 3 2 3 5 2 3 X 3 5 5 4 5 X 3 X 5 4 3 2 2 5 5 2 2 X 4 2 5 X 5 X 4 4 2 X 3 X X 2 2 X X 2 5 2 X 1 5 4 X 5 3 2 4 5 3 1 2 2 X 3 4 X 2 5 4 5 2 X 4 2 X 5 X X 2
1 5 X X 2 1 3 X 5 3 3 4 2 5 2 3 2 4 X 4 5 2 2 4 5 5 5 4 X X 4 X X 4 X X 2 1 2 X 4 3 2 3 X 2 X 2 3 4 X 5 1 5 4 5 2 X 5 4 1 1 5 X 5 3 5 1 4 X X 1 4 2 5 1 X 2 4 5 2 X 5 5 1 4 4 3 5 4 4 3 2 X 5 X 4 4 2 3
4 X 2 X X 5 X X 1 3 2 2 5 X X 5 1 X 4 5 X X 1 3 2 X 1 3 5 1 X 3 4 X 1 1 X 4 3 4 5 X 3 3 3 5 1 5 5 X X 4 4 4 5 1 X X X 4 X 2 X 5 X X X 4 1 1 5 5 3 2 2 4 1 5 1 1 3 4 X X X 3 5 4 3 2 X 5 2 X 1 5 2 3 4 1
1 4 X 4 1 5 1 X X 5 5 5 2 3 X X 4 1 2 5 X X 1 3 2 5 5 5 X 5 5 X 3 3 2 4 5 4 3 4 2 X 3 4 3 X X 5 5 X 3 X 5 X 5 X 4 1 3 2 X 1 1 3 X 4 2 X 5 X 3 5 5 2 2 3 1 X 3 2 4 X X 4 3 5 5 5 5 4 1 1 5 3 4 X 3 X 4 4
X 1 X 4 4 2 4 5 X 3 5 2 X 1 5 3 4 5 5 4 5 2 X 3 2 X 4 X X 5 2 5 3 1 3 X 3 3 5 5 1 5 2 5 4 2 3 5 5 1 5 5 3 X 1 3 2 5 5 5 X 5 4 1 1 X 4 4 5 2 4 5 4 1 X 3 3 1 4 1 2 1 X 1 X 5 2 X 2 5 4 1 4 X 1 3 2 5 X X
2 4 5 5 4 X 5 1 3 1 X 2 3 X 2 3 3 5 5 2 5 5 1 4 5 X 4 4 X 3 1 3 X X X 1 2 3 2 X X X 1 X 3 5 X 4 2 1 X 2 X X X 5 2 X X 1 X 4 1 5 4 4 X 3 4 1 2 5 X X 3 5 3 1 1 X 2 X 3 4 3 1 3 4 4 1 5 5 5 X 3 4 5 X X 2
X 1 4 5 4 1 5 4 3 1 X X 3 5 1 3 4 4 3 5 3 3 3 3 5 X 4 5 4 1 X 2 5 1 4 2 X 3 3 3 2 3 2 3 5 2 4 5 5 2 3 3 3 X X 4 2 3 5 4 X 2 X 1 5 5 3 1 5 3 1 2 2 4 2 2 3 X 4 1 3 3 1 1 5 X 5 4 5 3 5 X 1 5 X X 4 X X 5
5 1 5 1 3 4 3 5 X X X 4 2 X X 5 2 1 5 X 1 2 3 4 5 X 5 X 1 1 3 4 3 4 4 2 X 2 X 5 X X 3 X X 5 4 X X 4 1 X 4 5 3 1 2 2 4 X X 2 2 3 2 X 2 3 X 4 5 2 5 4 5 2 5 2 2 X X 3 X 1 5 5 5 X 5 3 3 3 1 X 5 X 3 4 4 4
X X 2 3 3 4 2 5 5 3 3 X 2 3 5 3 3 X 4 4 1 5 5 X X 5 X 3 1 X 4 4 4 X 2 3 2 X 1 2 3 X X X 3 X 5 3 3 X 2 4 2 4 1 5 X 4 3 5 4 2 3 1 2 3 4 X 4 4 X 3 X 5 4 5 1 3 1 4 4 3 X 5 5 1 3 3 X 1 2 1 5 X 2 X 2 3 5 X
X X X 4 4 X X X 4 X X X X 2 2 1 2 3 2 4 2 X 1 X 2 3 X 3 X 1 4 2 2 1 1 1 1 1 X 1 5 3 2 4 4 1 4 2 X 1 X 3 2 2 X X 2 4 2 3 1 5 X 2 2 4 3 3 4 X 2 3 X X 2 X 4 X 2 4 2 5 3 4 3 X 3 3 4 1 5 X 2 X 5 3 2 4 X X
2 5 5 4 1 4 3 4 1 X 2 1 X 5 2 4 5 X 4 3 1 1 X 1 5 X 2 2 4 1 X X 5 1 5 X 3 3 4 4 1 2 X 1 2 3 X X 4 4 X 1 3 3 1 1 2 X 1 1 3 4 4 X 4 X 4 5 5 3 X 4 2 4 2 4 5 5 5 3 3 5 3 X 5 2 1 1 5 X 1 1 1 X 3 X 4 5 5 1
X 5 5 2 X 1 2 2 3 2 3 1 5 1 1 X 2 3 2 5 4 2 3 5 4 1 4 1 X 4 4 1 4 3 5 3 X 1 5 X 4 3 2 X 2 X 3 3 2 1 1 X 2 1 3 X X 3 X X X 4 2 3 1 2 5 5 4 1 X 2 1 2 X X 4 1 2 2 5 X 1 X X 2 4 X X 5 X X X 1 3 X X 5 4 X
5 X 5 1 1 3 2 X 4 4 2 2 2 1 1 3 1 X 1 X X X 3 2 5 1 2 2 4 X 4 3 5 1 1 4 X 5 4 5 2 X 4 3 2 1 X 3 2 2 3 X 3 X X X 5 X 4 X X 5 3 5 4 X 2 2 X 1 X X 5 5 X 5 4 X X 4 5 2 X 2 X 3 5 X 5 X 1 3 2 2 1 4 2 5 4 X
1 X 1 4 3 3 X 5 4 1 5 4 X 3 2 2 3 1 4 5 4 4 3 3 2 4 4 X 5 2 5 5 5 1 3 X 5 1 1 2 5 1 4 4 5 1 5 5 X 1 4 1 2 1 1 2 5 4 4 4 5 3 X 2 4 3 5 2 1 4 X 3 5 1 1 X 1 4 1 3 3 3 X 3 3 3 X X 4 X 2 5 4 1 X 2 X 4 2 1
2 X X 3 2 1 2 1 4 5 3 3 1 3 X 1 1 2 3 X 2 X 2 X 4 5 X 4 X 2 4 X X 4 3 X 4 3 2 X X 1 4 X 4 1 X 4 2 5 1 4 3 X 3 X 2 5 X X 3 X 2 1 2 3 3 4 X X 2 X 3 X X X 4 1 1 2 2 X 4 1 3 2 3 X X 4 X 1 4 X 2 3 1 X X 4
3 1 4 5 5 5 4 X 1 1 5 X 4 1 X 2 X 4 2 X X X 1 1 4 3 2 1 2 3 3 3 5 1 X 2 3 4 3 1 3 5 1 4 1 1 4 2 4 5 X 2 2 1 X 5 3 1 3 X 1 X 5 5 5 2 X 3 X 2 3 3 5 X 3 3 3 X 5 X 5 1 1 4 5 2 3 1 3 5 2 2 4 1 1 5 X X X 1
2 4 X 1 X X 5 2 2 3 5 3 X X 1 2 3 2 4 1 5 5 4 4 3 1 2 5 1 X 3 3 3 3 X 5 1 3 3 3 X 5 X 1 4 2 5 4 1 2 2 2 2 4 5 X 4 X 5 1 3 3 4 X 3 X 5 X 1 3 2 1 2 4 2 1 1 4 3 4 4 2 X 4 2 2 2 3 5 5 2 1 3 X 5 X 1 2 1 X
1 4 X X 5 5 2 2 X 5 3 5 3 4 X 3 1 X 3 X 5 X 1 1 3 X X 2 3 3 2 1 5 X 4 5 X 2 2 3 4 5 X 1 X 1 4 X 5 1 4 3 4 X 3 5 1 5 X 1 2 X 4 X 4 X X 3 1 2 4 5 5 X X X X 5 2 2 3 X 1 4 3 5 5 2 1 2 X X 2 2 X X 1 3 5 3
1 4 3 X 3 X 5 4 3 2 4 X 1 2 4 1 4 X X X 2 5 5 X X X 4 3 4 2 3 X 2 1 1 4 5 1 X X 4 3 3 5 1 5 4 X X 5 3 X 5 2 X 2 X 2 1 5 X X 3 X 2 3 3 4 X 4 X X 3 X 1 4 2 X 5 2 X X 1 X 5 1 3 X X X 5 1 2 5 1 3 2 3 X 1
3 1 1 X 3 3 X 5 5 X 1 1 X 1 3 4 5 X X 1 2 4 2 1 X X 4 3 3 3 3 X 1 X 1 1 5 3 5 3 3 1 X 2 5 1 1 X 5 X X 2 5 4 5 5 2 5 5 3 3 X 2 4 5 2 1 5 1 2 1 1 X 1 1 X X 3 X 2 2 X 4 5 X 3 X 4 X 5 2 3 3 2 X 3 5 4 5 4
2 1 5 4 3 3 X X 4 X X 3 2 X 5 4 1 5 3 X 2 1 X 5 2 2 3 2 4 3 X X 5 2 X 5 3 X X 5 4 2 5 4 4 X 5 4 5 5 4 X 1 3 2 4 1 1 X X 4 4 2 3 5 5 X 5 3 1 5 3 1 1 4 X 4 2 3 4 3 X X 2 1 X 1 4 X X X 3 2 1 X 1 1 3 X X
X 1 4 5 1 3 X X X 3 4 1 1 2 X 2 3 X 1 2 X 1 2 5 1 5 4 1 2 4 5 X 3 X 4 X 3 X X X 3 2 X 2 X 3 2 5 3 X X 5 X 1 X 1 X 3 4 X X 2 X X 3 3 X X 1 X 1 5 3 X 2 2 3 2 3 X 1 4 2 5 1 5 3 1 3 3 3 X 3 4 X 3 3 1 X 3
X 5 2 4 X 2 5 X 2 X X 5 X 3 X 5 2 4 X X 4 2 3 1 3 3 1 3 5 4 3 3 4 4 3 3 1 2 5 X 5 X 3 5 5 2 2 1 4 4 1 X X 1 3 3 X 3 X X 5 2 X 2 X 3 2 3 1 5 X 4 2 1 4 5 1 X X 1 4 X 3 4 1 4 5 1 X X X 3 3 2 5 5 3 2 3 X
2 1 3 3 X 5 3 X 1 5 3 X 3 X 3 2 2 5 X 3 X X 4 2 X 3 4 3 2 3 1 4 3 3 1 4 5 2 2 5 X X 5 2 4 3 1 5 3 5 5 4 3 4 1 4 X 3 4 2 3 1 2 4 2 1 1 X 4 X 4 1 4 X X 1 3 3 5 X 4 5 5 4 1 2 1 3 X 2 1 4 5 X 1 2 1 3 5 1
4 1 X 5 5 2 5 2 2 5 5 4 5 1 X 1 3 X 1 1 2 1 3 1 4 2 4 1 X 4 2 3 5 5 2 4 3 4 2 X 2 5 2 2 X 3 X 5 3 2 5 5 2 X 3 X 5 4 X X X 3 3 X X 5 X X X 2 3 X 4 5 5 X 2 3 1 3 2 X 1 X 5 1 3 X 2 5 X 1 2 X X 4 5 X 4 1
1 X 4 4 2 2 4 5 2 5 3 2 4 X X 5 3 4 1 X 3 X 4 X 3 5 X 2 X X 1 3 X 5 2 X X 5 3 4 3 X 5 5 1 X 2 3 2 5 1 3 1 5 1 X X 1 4 3 2 X 2 2 X 1 1 2 X 5 X 2 2 3 2 1 X 4 5 4 4 3 2 2 2 X 4 X 1 5 1 X 1 3 4 2 X X 2 2
3 2 4 2 3 2 2 X X 1 1 2 1 X 5 3 X 1 3 2 1 1 X X 2 2 4 X X 3 5 1 2 2 3 5 X 5 2 5 5 3 X 1 1 X 3 1 2 4 5 3 4 1 3 5 3 X 1 1 1 2 X 4 4 X 2 3 2 X 5 1 1 X 5 1 1 3 3 3 X 5 5 4 5 X 1 X 1 X 5 X 4 2 X 4 5 X 3 1
2 4 X X X 3 1 1 4 4 3 3 2 2 3 2 5 X 2 3 2 5 1 4 1 2 3 1 X 5 X 2 5 X X 3 2 3 X 3 2 3 5 3 X 1 5 3 4 X 3 5 X X X 4 X 2 2 X 5 1 1 4 3 2 3 5 X 1 X 3 5 4 2 4 5 5 X 4 X 2 2 3 3 1 4 4 X 4 1 5 X 4 4 X 3 X 1 3
5 2 4 4 3 1 2 3 X 5 2 4 X 5 5 X 5 X X 1 3 3 2 1 4 3 X X 3 3 1 3 1 X 3 5 5 4 4 X 2 4 X 1 X X 1 3 X 4 2 2 3 2 3 X 4 5 4 1 3 X X X 1 2 5 X 2 3 X 2 4 3 X 1 1 1 2 2 X 5 3 2 1 1 5 5 5 5 1 2 X X 3 5 X X 3 4
3 4 X 4 1 4 3 4 5 3 4 5 1 2 4 X 3 5 X 3 5 4 4 5 3 X 3 5 4 X 3 1 1 1 2 1 X 2 3 1 2 4 X 1 2 3 5 5 3 5 4 1 X 3 X 5 X 5 4 X 5 1 4 2 3 5 2 1 3 4 5 X X 4 2 5 X 2 X 2 2 2 2 5 2 3 2 3 2 2 2 X 4 3 5 1 5 4 2 3
2 X X X X X 1 3 X 4 3 X 3 X 4 5 X 2 1 1 3 5 3 5 1 2 1 5 4 1 3 X 5 4 1 4 2 5 X 4 5 5 5 3 4 4 1 2 X 5 4 3 4 5 4 2 1 5 2 4 5 3 X X 5 4 X 5 5 1 3 2 5 4 X 2 1 2 2 X 3 3 2 4 4 4 2 5 X 3 1 4 2 2 2 2 5 2 3 X
1 5 4 3 1 2 5 1 2 3 2 4 X X 5 1 2 X 1 5 4 X 3 X 5 2 2 5 1 1 4 3 4 4 X 5 X 2 3 1 X 5 1 X 5 4 2 2 X 3 X 2 3 2 X 4 X 5 2 5 1 3 4 1 4 4 3 1 1 X 4 X 5 2 5 1 2 4 1 5 4 X 1 X 1 1 5 2 X 5 5 4 5 2 2 1 1 5 4 4
2 3 3 X 3 2 2 X 5 4 1 X 1 2 3 X X 1 1 3 2 1 5 1 5 X 5 2 3 3 4 3 2 X 1 3 X 5 X X 2 X 1 1 3 X 5 X 4 5 X 1 1 5 4 3 X 4 X 3 4 2 5 1 1 X 3 5 3 X 5 X 3 3 2 3 1 1 X 2 2 1 3 1 2 5 3 4 1 1 X X X 1 1 5 X X 4 4
5 X 2 2 2 4 2 5 2 3 X X 5 4 1 5 4 X X X 5 X X 2 4 1 2 3 3 2 4 5 X 4 5 1 1 X 2 1 X X 2 3 1 2 1 1 2 5 4 1 5 5 X 3 5 X 2 4 1 2 4 X 4 3 4 3 2 X 3 3 4 5 4 4 5 5 X 1 2 4 3 4 2 2 1 1 X X 4 5 3 5 5 1 3 1 2 2
100
75 38 1 10
71 1 1 10
76 3 0 10
22 75 0 10
51 96 0 10
100 18 0 10
50 57 1 10
79 69 1 10
10 88 0 10
74 9 1 10
59 18 0 10
57 4 0 10
64 72 0 10
56 95 0 10
8 54 1 10
9 6 1 10
13 9 0 10
83 96 1 10
76 56 1 10
3 57 0 10
18 64 0 10
48 96 0 10
37 44 1 10
24 44 0 10
59 25 1 10
85 69 0 10
77 84 0 10
18 18 1 10
57 74 0 10
14 78 1 10
76 12 0 10
34 24 1 10
6 62 1 10
56 75 1 10
41 34 1 10
42 66 0 10
35 48 1 10
61 92 0 10
25 4 0 10
26 60 1 10
93 90 0 10
21 51 1 10
15 74 0 10
19 69 0 10
11 66 0 10
34 55 0 10
16 9 1 10
20 58 1 10
13 34 1 10
92 46 0 10
23 64 1 10
31 23 0 10
95 34 1 10
49 6 0 10
89 63 1 10
5 30 0 10
64 67 0 10
47 100 0 10
49 16 0 10
42 47 0 10
5 93 1 10
4 5 1 10
44 80 0 10
45 100 1 10
21 51 1 10
75 18 1 10
67 61 0 10
38 44 0 10
29 53 1 10
15 22 1 10
7 9 1 10
5 40 1 10
43 51 0 10
79 30 1 10
44 63 1 10
77 48 0 10
49 63 1 10
26 80 1 10
7 37 1 10
66 40 0 10
68 70 0 10
60 70 0 10
17 55 0 10
24 8 1 10
30 2 0 10
76 11 1 10
54 59 1 10
82 17 0 10
13 9 1 10
26 82 1 10
8 96 0 10
97 39 1 10
11 69 0 10
32 88 0 10
3 4 1 10
58 40 1 10
37 87 0 10
1 66 0 10
28 7 1 10
27 87 1 10
