3.034
3.112
2.926
2.836
2.931
3.475
2.347
3.507
3.149
3.103
3.198
3.318
3.533
3.203
3.359
3.205
2.367
2.133
2.216
3.747
3.150
3.760
2.957
3.507
2.455
3.197
2.777
1.951
3.762
3.703
2.922
3.357
2.920
3.293
2.048
2.964
2.996
2.520
3.417
2.673
1.804
3.139
2.990
3.147
3.478
2.716
2.895
2.574
3.460
3.254
2.886
2.068
2.884
2.687
3.039
3.534
3.306
3.020
3.257
3.270
2.443
2.852
2.476
3.290
3.139
2.600
3.592
2.539
2.986
3.814
3.786
3.517
3.237
3.304
3.389
2.911
2.691
3.832
2.425
2.207
2.844
3.314
2.837
3.280
3.194
3.271
2.937
2.372
3.429
3.171
3.311
2.888
3.526
2.800
2.985
2.692
2.891
3.752
2.961
2.472
